1,0
2,0
3,1
4,1
5,2
6,2
7,3
8,4
9,4
10,4
11,5
12,5
13,5
14,6
15,7
16,7
17,8
18,8
19,9
20,9
21,10
22,10
23,11
24,11
25,12
26,12
27,13
28,13
29,14
30,14
31,15
32,15
33,15
34,16
35,17
36,18
37,19
38,20
39,21
40,22
41,23
42,24
43,25
44,26
45,27
46,28
47,29
48,30
49,30
50,30
51,31
52,31
53,32
54,32
55,33
56,33
57,34
58,34
59,35
60,35
61,36
62,36
63,37
64,37
65,38
66,38
67,39
68,39
69,40
70,40
71,41
72,41
73,42
74,42
75,43
76,43
77,44
78,44
79,45
80,45
81,46
82,46
83,47
84,47
85,48
86,48
87,49
88,49
89,50
90,50
91,51
92,52
93,53
94,54
95,55
96,56
97,57
98,58
99,58
100,58
101,59
102,60
103,60
104,60
105,61
106,62
107,62
108,62
109,63
110,64
111,64
112,64
113,65
114,66
115,66
116,67
117,67
118,67
119,68
120,69
121,69
122,69
123,70
124,71
125,72
126,72
127,72
128,73
129,74
130,74
131,74
132,75
133,75
134,75
135,76
136,77
137,77
138,77
139,78
140,79
141,79
142,79
143,80
144,81
145,81
146,82
147,83
148,83
149,83
150,84
151,85
152,86
153,87
154,88
155,89
156,90
157,91
158,91
159,92
160,92
161,93
162,93
163,94
164,94
165,95
166,96
167,96
168,97
169,97
170,98
171,98
172,99
173,99
174,100
175,100
176,101
177,101
178,102
179,102
180,103
181,103
182,104
183,104
184,105
185,105
186,106
187,107
188,107
189,108
190,108
191,109
192,109
193,110
194,110
195,111
196,111
197,112
198,112
199,113
200,113
201,114
202,114
203,115
204,115
205,116
206,116
207,117
208,117
209,118
210,118
211,119
212,119
213,120
214,120
215,121
216,121
217,122
218,122
219,123
220,123
221,124
222,124
223,125
224,125
225,126
226,126
227,127
228,127
229,128
230,128
231,129
232,129
233,130
234,130
235,131
236,131
237,132
238,132
239,133
240,133
241,134
242,134
243,135
244,135
245,136
246,136
247,137
248,138
249,138
250,139
251,139
252,140
253,140
254,141
255,141
256,142
257,142
258,143
259,143
260,144
261,144
262,145
263,145
264,146
265,146
266,147
267,147
268,148
269,148
270,149
271,149
272,150
273,150
274,151
275,151
276,152
277,152
278,153
279,154
280,154
281,155
282,155
283,156
284,156
285,157
286,158
287,158
288,158
289,159
290,160
291,160
292,160
293,161
294,161
295,161
296,162
297,163
298,163
299,163
300,164
301,165
302,166
303,166
304,166
305,167
306,168
307,168
308,168
309,169
310,170
311,171
312,172
313,173
314,174
315,175
316,176
317,176
318,176
319,177
320,179
321,180
322,181
323,182
324,184
325,184
326,184
327,185
328,186
329,187
330,188
331,189
332,190
333,191
334,191
335,191
336,192
337,193
338,194
339,196
340,197
341,198
342,199
343,199
344,199
345,200
346,201
347,202
348,203
349,204
350,205
351,206
352,208
353,209
354,211
355,212
356,212
357,212
358,213
359,214
360,215
361,217
362,218
363,219
364,220
365,220
366,220
367,221
368,221
369,221
370,222
371,224
372,225
373,227
374,228
375,229
376,229
377,229
378,230
379,231
380,233
381,234
382,235
383,236
384,237
385,240
386,241
387,242
388,243
389,244
390,244
391,244
392,245
393,246
394,247
395,248
396,249
397,250
398,251
399,251
400,251
401,252
402,253
403,254
404,255
405,257
406,258
407,259
408,259
409,259
410,260
411,261
412,262
413,263
414,264
415,265
416,265
417,265
418,266
419,267
420,268
421,269
422,270
423,271
424,272
425,273
426,273
427,273
428,274
429,275
430,275
431,275
432,276
433,277
434,277
435,277
436,278
437,279
438,280
439,280
440,280
441,281
442,281
443,281
444,282
445,283
446,283
447,283
448,284
449,285
450,285
451,286
452,287
453,287
454,288
455,288
456,289
457,289
458,290
459,290
460,291
461,291
462,292
463,292
464,293
465,293
466,294
467,295
468,295
469,296
470,296
471,297
472,298
473,298
474,299
475,299
476,300
477,300
478,301
479,301
480,302
481,302
482,303
483,303
484,304
485,304
486,305
487,305
488,306
489,306
490,307
491,307
492,308
493,308
494,309
495,309
496,310
497,311
498,311
499,312
500,312
501,313
502,313
503,314
504,314
505,315
506,315
507,316
508,316
509,317
510,317
511,318
512,318
513,319
514,319
515,320
516,320
517,321
518,321
519,322
520,322
521,323
522,323
523,324
524,324
525,325
526,325
527,326
528,326
529,327
530,327
531,328
532,328
533,329
534,329
535,330
536,330
537,331
538,331
539,332
540,332
541,333
542,333
543,334
544,334
545,335
546,335
547,336
548,336
549,337
550,337
551,338
552,338
553,339
554,339
555,340
556,341
557,341
558,342
559,342
560,343
561,343
562,344
563,344
564,345
565,345
566,346
567,346
568,347
569,347
570,348
571,348
572,349
573,349
574,350
575,350
576,351
577,351
578,352
579,352
580,353
581,353
582,354
583,354
584,355
585,355
586,356
587,356
588,357
589,357
590,358
591,358
592,359
593,359
594,360
595,360
596,361
597,362
598,362
599,363
600,363
601,364
602,364
603,365
604,365
605,366
606,366
607,367
608,367
609,368
610,368
611,369
612,369
613,370
614,370
615,371
616,371
617,372
618,372
619,373
620,373
621,374
622,374
623,375
624,375
625,376
626,376
627,377
628,377
629,378
630,378
631,379
632,379
633,380
634,381
635,381
636,382
637,382
638,383
639,383
640,384
641,384
642,385
643,385
644,386
645,386
646,387
647,387
648,388
649,388
650,389
651,389
652,390
653,390
654,391
655,391
656,392
657,392
658,393
659,393
660,394
661,394
662,395
663,395
664,396
665,396
666,397
667,397
668,398
669,398
670,399
671,399
672,400
673,400
674,401
675,402
676,402
677,403
678,403
679,404
680,404
681,405
682,405
683,406
684,406
685,407
686,407
687,408
688,408
689,409
690,409
691,410
692,410
693,411
694,411
695,412
696,412
697,413
698,413
699,414
700,414
701,415
702,415
703,416
704,416
705,417
706,417
707,418
708,418
709,419
710,419
711,420
712,421
713,421
714,422
715,422
716,423
717,423
718,424
719,424
720,425
721,425
722,426
723,426
724,427
725,427
726,428
727,428
728,429
729,430
730,430
731,431
732,431
733,432
734,432
735,433
736,433
737,434
738,434
739,435
740,436
741,436
742,437
743,437
744,438
745,438
746,439
747,439
748,440
749,440
750,441
751,441
752,442
753,443
754,443
755,444
756,444
757,445
758,445
759,446
760,446
761,447
762,447
763,448
764,448
765,449
766,449
767,449
768,450
769,451
770,453
771,454
772,455
773,456
774,456
775,456
776,457
777,458
778,459
779,460
780,462
781,463
782,464
783,465
784,466
785,467
786,468
787,469
788,470
789,470
790,470
791,471
792,472
793,474
794,475
795,476
796,477
797,477
798,477
799,478
800,479
801,479
802,479
803,480
804,481
805,482
806,483
807,484
808,486
809,487
810,487
811,487
812,488
813,489
814,490
815,491
816,492
817,493
818,494
819,495
820,495
821,495
822,496
823,497
824,498
825,498
826,498
827,499
828,500
829,500
830,500
831,501
832,502
833,502
834,502
835,503
836,503
837,503
838,504
839,505
840,505
841,505
842,506
843,507
844,508
845,509
846,510
847,511
848,512
849,513
850,514
851,514
852,514
853,515
854,516
855,516
856,516
857,517
858,518
859,518
860,518
861,519
862,520
863,521
864,521
865,521
866,522
867,523
868,524
869,525
870,526
871,527
872,528
873,529
874,530
875,530
876,530
877,531
878,532
879,532
880,532
881,533
882,534
883,534
884,535
885,536
886,536
887,536
888,537
889,537
890,537
891,538
892,539
893,539
894,540
895,541
896,542
897,543
898,544
899,545
900,546
901,547
902,548
903,548
904,548
905,549
906,550
907,550
908,550
909,551
910,552
911,552
912,553
913,554
914,554
915,554
916,555
917,556
918,556
919,556
920,557
921,558
922,559
923,560
924,561
925,562
926,563
927,564
928,565
929,565
930,565
931,566
932,567
933,568
934,569
935,569
936,569
937,570
938,571
939,572
940,572
941,572
942,573
943,574
944,575
945,575
946,575
947,576
948,577
949,578
950,578
951,578
952,579
953,580
954,580
955,580
956,581
957,582
958,582
959,582
960,583
961,584
962,585
963,586
964,587
965,588
966,589
967,590
968,591
969,591
970,591
971,592
972,593
973,593
974,594
975,594
976,594
977,595
978,596
979,597
980,597
981,597
982,598
983,599
984,599
985,599
986,600
987,601
988,602
989,603
990,604
991,605
992,606
993,607
994,608
995,609
996,610
997,611
998,612
999,613
1000,614
1001,614
1002,614
1003,615
1004,616
1005,616
1006,616
1007,617
1008,618
1009,618
1010,618
1011,619
1012,619
1013,619
1014,620
1015,621
1016,622
1017,623
1018,624
1019,625
1020,626
1021,627
1022,628
1023,629
1024,630
1025,630
1026,630
1027,631
1028,632
1029,632
1030,632
1031,633
1032,634
1033,635
1034,635
1035,635
1036,636
1037,636
1038,636
1039,637
1040,638
1041,638
1042,639
1043,640
1044,641
1045,641
1046,641
1047,642
1048,642
1049,642
1050,643
1051,644
1052,644
1053,644
1054,645
1055,646
1056,647
1057,648
1058,648
1059,648
1060,649
1061,650
1062,651
1063,652
1064,653
1065,654
1066,655
1067,656
1068,657
1069,657
1070,657
1071,658
1072,659
1073,659
1074,660
1075,660
1076,660
1077,661
1078,662
1079,662
1080,663
1081,664
1082,664
1083,664
1084,665
1085,666
1086,666
1087,666
1088,667
1089,668
1090,669
1091,670
1092,671
1093,672
1094,673
1095,674
1096,675
1097,676
1098,676
1099,676
1100,677
1101,677
1102,677
1103,678
1104,679
1105,679
1106,680
1107,681
1108,681
1109,681
1110,682
1111,683
1112,683
1113,683
1114,684
1115,685
1116,686
1117,687
1118,688
1119,689
1120,690
1121,691
1122,692
1123,693
1124,694
1125,694
1126,694
1127,695
1128,696
1129,697
1130,697
1131,697
1132,698
1133,699
1134,699
1135,699
1136,700
1137,701
1138,702
1139,703
1140,704
1141,705
1142,706
1143,707
1144,708
1145,708
1146,708
1147,709
1148,710
1149,710
1150,710
1151,711
1152,712
1153,712
1154,712
1155,713
1156,714
1157,714
1158,714
1159,715
1160,716
1161,716
1162,716
1163,717
1164,718
1165,718
1166,718
1167,719
1168,720
1169,721
1170,722
1171,723
1172,724
1173,725
1174,726
1175,726
1176,726
1177,727
1178,728
1179,729
1180,730
1181,731
1182,732
1183,733
1184,733
1185,733
1186,734
1187,735
1188,737
1189,738
1190,739
1191,740
1192,740
1193,740
1194,741
1195,742
1196,742
1197,742
1198,743
1199,744
1200,745
1201,746
1202,748
1203,749
1204,750
1205,751
1206,752
1207,754
1208,755
1209,756
1210,756
1211,756
1212,757
1213,758
1214,759
1215,760
1216,761
1217,763
1218,764
1219,764
1220,764
1221,765
1222,765
1223,766
1224,766
1225,767
1226,767
1227,768
1228,768
1229,769
1230,769
1231,770
1232,770
1233,771
1234,772
1235,772
1236,773
1237,773
1238,774
1239,774
1240,775
1241,775
1242,776
1243,776
1244,777
1245,778
1246,778
1247,779
1248,779
1249,780
1250,780
1251,781
1252,781
1253,782
1254,782
1255,783
1256,783
1257,784
1258,784
1259,785
1260,785
1261,786
1262,786
1263,787
1264,787
1265,788
1266,788
1267,789
1268,789
1269,790
1270,790
1271,791
1272,791
1273,792
1274,792
1275,793
1276,794
1277,794
1278,795
1279,795
1280,796
1281,796
1282,797
1283,797
1284,798
1285,798
1286,799
1287,799
1288,800
1289,800
1290,801
1291,801
1292,802
1293,802
1294,803
1295,804
1296,804
1297,805
1298,805
1299,806
1300,806
1301,807
1302,807
1303,808
1304,808
1305,809
1306,809
1307,810
1308,810
1309,811
1310,811
1311,812
1312,812
1313,813
1314,813
1315,814
1316,814
1317,815
1318,816
1319,816
1320,817
1321,817
1322,818
1323,818
1324,819
1325,819
1326,820
1327,820
1328,821
1329,821
1330,822
1331,822
1332,823
1333,823
1334,824
1335,824
1336,825
1337,825
1338,826
1339,826
1340,827
1341,827
1342,828
1343,828
1344,829
1345,830
1346,830
1347,831
1348,831
1349,832
1350,832
1351,833
1352,833
1353,834
1354,835
1355,835
1356,836
1357,836
1358,837
1359,837
1360,838
1361,838
1362,839
1363,839
1364,840
1365,841
1366,841
1367,842
1368,842
1369,843
1370,843
1371,844
1372,844
1373,845
1374,845
1375,846
1376,847
1377,847
1378,848
1379,848
1380,849
1381,849
1382,850
1383,850
1384,851
1385,851
1386,852
1387,852
1388,853
1389,853
1390,854
1391,854
1392,855
1393,855
1394,856
1395,856
1396,857
1397,857
1398,858
1399,858
1400,859
1401,860
1402,860
1403,861
1404,861
1405,862
1406,862
1407,863
1408,863
1409,864
1410,864
1411,865
1412,865
1413,866
1414,866
1415,867
1416,867
1417,868
1418,868
1419,869
1420,869
1421,870
1422,870
1423,871
1424,871
1425,872
1426,873
1427,873
1428,874
1429,874
1430,875
1431,875
1432,876
1433,876
1434,877
1435,877
1436,878
1437,878
1438,879
1439,879
1440,880
1441,880
1442,881
1443,881
1444,882
1445,883
1446,883
1447,884
1448,884
1449,885
1450,885
1451,886
1452,887
1453,887
1454,888
1455,888
1456,889
1457,889
1458,890
1459,890
1460,891
1461,891
1462,892
1463,893
1464,893
1465,894
1466,894
1467,895
1468,895
1469,896
1470,896
1471,897
1472,898
1473,898
1474,899
1475,899
1476,900
1477,900
1478,901
1479,901
1480,902
1481,902
1482,903
1483,903
1484,904
1485,904
1486,905
1487,905
1488,906
1489,907
1490,907
1491,908
1492,908
1493,909
1494,909
1495,910
1496,911
1497,911
1498,912
1499,912
1500,913
1501,913
1502,914
1503,914
1504,915
1505,915
1506,916
1507,916
1508,917
1509,917
1510,918
1511,918
1512,919
1513,919
1514,920
1515,920
1516,921
1517,921
1518,922
1519,922
1520,923
1521,923
1522,924
1523,924
1524,925
1525,926
1526,926
1527,927
1528,927
1529,928
1530,928
1531,929
1532,929
1533,930
1534,930
1535,931
1536,931
1537,932
1538,932
1539,933
1540,933
1541,934
1542,935
1543,935
1544,936
1545,936
1546,937
1547,937
1548,938
1549,938
1550,939
1551,939
1552,940
1553,941
1554,941
1555,942
1556,942
1557,943
1558,943
1559,944
1560,944
1561,945
1562,945
1563,946
1564,946
1565,947
1566,947
1567,948
1568,948
1569,949
1570,949
1571,950
1572,950
1573,951
1574,951
1575,952
1576,952
1577,953
1578,953
1579,954
1580,954
1581,955
1582,956
1583,956
1584,957
1585,957
1586,958
1587,958
1588,959
1589,959
1590,960
1591,960
1592,961
1593,961
1594,962
1595,963
1596,963
1597,964
1598,964
1599,965
1600,965
1601,966
1602,966
1603,967
1604,967
1605,968
1606,968
1607,969
1608,969
1609,970
1610,970
1611,971
1612,971
1613,972
1614,973
1615,973
1616,974
1617,974
1618,975
1619,975
1620,976
1621,976
1622,977
1623,977
1624,978
1625,978
1626,979
1627,979
1628,980
1629,980
1630,981
1631,982
1632,982
1633,983
1634,983
1635,984
1636,984
1637,985
1638,985
1639,986
1640,986
1641,987
1642,987
1643,988
1644,988
1645,989
1646,989
1647,990
1648,991
1649,991
1650,992
1651,992
1652,993
1653,993
1654,994
1655,994
1656,995
1657,995
1658,996
